[gd_scene load_steps=13 format=2]

[ext_resource path="res://player/player.tscn" type="PackedScene" id=1]
[ext_resource path="res://portal/portal.tscn" type="PackedScene" id=2]

[sub_resource type="PlaneMesh" id=1]
size = Vector2( 1, 1 )

[sub_resource type="SpatialMaterial" id=2]
albedo_color = Color( 0.952941, 0.396078, 0.0627451, 1 )

[sub_resource type="ConcavePolygonShape" id=3]
data = PoolVector3Array( 0.5, 0, 0.5, -0.5, 0, 0.5, 0.5, 0, -0.5, -0.5, 0, 0.5, -0.5, 0, -0.5, 0.5, 0, -0.5 )

[sub_resource type="SpatialMaterial" id=4]
albedo_color = Color( 0.0784314, 0.372549, 0.933333, 1 )

[sub_resource type="ConcavePolygonShape" id=5]
data = PoolVector3Array( 0.5, 0, 0.5, -0.5, 0, 0.5, 0.5, 0, -0.5, -0.5, 0, 0.5, -0.5, 0, -0.5, 0.5, 0, -0.5 )

[sub_resource type="CubeMesh" id=6]
size = Vector3( 1, 1, 1 )

[sub_resource type="BoxShape" id=7]
extents = Vector3( 0.5, 0.5, 0.5 )

[sub_resource type="PlaneMesh" id=8]
size = Vector2( 25, 25 )

[sub_resource type="SpatialMaterial" id=9]
albedo_color = Color( 0.286275, 0.286275, 0.286275, 1 )

[sub_resource type="ConcavePolygonShape" id=10]
data = PoolVector3Array( 12.5, 0, 12.5, -12.5, 0, 12.5, 12.5, 0, -12.5, -12.5, 0, 12.5, -12.5, 0, -12.5, 12.5, 0, -12.5 )

[node name="root" type="Spatial"]

[node name="StaticBody" type="StaticBody" parent="."]
transform = Transform( 8, 0, 0, 0, 1, 0, 0, 0, 16, -5, 0, 0 )

[node name="MeshInstance" type="MeshInstance" parent="StaticBody"]
mesh = SubResource( 1 )
material/0 = SubResource( 2 )

[node name="CollisionShape" type="CollisionShape" parent="StaticBody"]
shape = SubResource( 3 )

[node name="StaticBody2" type="StaticBody" parent="."]
transform = Transform( 8, 0, 0, 0, 1, 0, 0, 0, 16, 5, 0, 0 )

[node name="MeshInstance" type="MeshInstance" parent="StaticBody2"]
mesh = SubResource( 1 )
material/0 = SubResource( 4 )

[node name="CollisionShape" type="CollisionShape" parent="StaticBody2"]
shape = SubResource( 5 )

[node name="DirectionalLight" type="DirectionalLight" parent="."]
transform = Transform( 0.866025, -0.482963, 0.12941, 0.119419, 0.451121, 0.884437, -0.48553, -0.750491, 0.448357, 0, 0, 0 )
shadow_enabled = true
shadow_bias = 0.05

[node name="portal" parent="." instance=ExtResource( 2 )]
transform = Transform( 1, 0, 0, 0, 1, 0, 0, 0, 1, -5, 1.5, 0 )
linked_portal = NodePath("../../root/portal2")

[node name="portal2" parent="." instance=ExtResource( 2 )]
transform = Transform( 0.586824, -0.492404, 0.642788, 0.642788, 0.766044, 0, -0.492404, 0.413176, 0.766044, 5, 1.5, 0 )
linked_portal = NodePath("../../root/portal")

[node name="player" parent="." instance=ExtResource( 1 )]
transform = Transform( 1, 0, 0, 0, 1, 0, 0, 0, 1, -4.81, 0, 5 )

[node name="elements" type="Spatial" parent="."]

[node name="RigidBody" type="RigidBody" parent="elements"]
transform = Transform( 0.976545, 0, -0.215315, 0, 1, 0, 0.215315, 0, 0.976545, 7.37, 1.5, 6.302 )

[node name="MeshInstance" type="MeshInstance" parent="elements/RigidBody"]
mesh = SubResource( 6 )
material/0 = null

[node name="CollisionShape" type="CollisionShape" parent="elements/RigidBody"]
shape = SubResource( 7 )

[node name="RigidBody2" type="RigidBody" parent="elements"]
transform = Transform( 0.951669, 0, -0.307124, 0, 1, 0, 0.307124, 0, 0.951669, -6.47978, 0.5, -5.7064 )

[node name="MeshInstance" type="MeshInstance" parent="elements/RigidBody2"]
mesh = SubResource( 6 )
material/0 = null

[node name="CollisionShape" type="CollisionShape" parent="elements/RigidBody2"]
shape = SubResource( 7 )

[node name="RigidBody3" type="RigidBody" parent="elements"]
transform = Transform( 0.812918, 0, 0.582378, 0, 1, 0, -0.582378, 0, 0.812918, 6.74408, 0.5, -5.41392 )

[node name="MeshInstance" type="MeshInstance" parent="elements/RigidBody3"]
mesh = SubResource( 6 )
material/0 = null

[node name="CollisionShape" type="CollisionShape" parent="elements/RigidBody3"]
shape = SubResource( 7 )

[node name="RigidBody4" type="RigidBody" parent="elements"]
transform = Transform( 0.987447, 0, 0.157951, 0, 1, 0, -0.157951, 0, 0.987447, 3.0898, 0.5, -6.09693 )

[node name="MeshInstance" type="MeshInstance" parent="elements/RigidBody4"]
mesh = SubResource( 6 )
material/0 = null

[node name="CollisionShape" type="CollisionShape" parent="elements/RigidBody4"]
shape = SubResource( 7 )

[node name="RigidBody5" type="RigidBody" parent="elements"]
transform = Transform( 0.933849, 0, 0.357667, 0, 1, 0, -0.357667, 0, 0.933849, -2.7616, 0.5, 5.92985 )

[node name="MeshInstance" type="MeshInstance" parent="elements/RigidBody5"]
mesh = SubResource( 6 )
material/0 = null

[node name="CollisionShape" type="CollisionShape" parent="elements/RigidBody5"]
shape = SubResource( 7 )

[node name="RigidBody6" type="RigidBody" parent="elements"]
transform = Transform( 1, 0, 0, 0, 1, 0, 0, 0, 1, 7.15421, 0.5, 6.4151 )

[node name="MeshInstance" type="MeshInstance" parent="elements/RigidBody6"]
mesh = SubResource( 6 )
material/0 = null

[node name="CollisionShape" type="CollisionShape" parent="elements/RigidBody6"]
shape = SubResource( 7 )

[node name="RigidBody7" type="RigidBody" parent="elements"]
transform = Transform( 0.978068, 0, -0.208287, 0, 1, 0, 0.208287, 0, 0.978068, -7.52281, 0.5, 6.77828 )

[node name="MeshInstance" type="MeshInstance" parent="elements/RigidBody7"]
mesh = SubResource( 6 )
material/0 = null

[node name="CollisionShape" type="CollisionShape" parent="elements/RigidBody7"]
shape = SubResource( 7 )

[node name="Camera" type="Camera" parent="."]
transform = Transform( 1, 0, 0, 0, 0.69739, 0.716692, 0, -0.716692, 0.69739, 0.0162945, 8.87681, 10.0357 )
current = true

[node name="MeshInstance" type="MeshInstance" parent="."]
transform = Transform( 1, 0, 0, 0, 1, 0, 0, 0, 1, 0, -0.01, 0 )
mesh = SubResource( 8 )
material/0 = SubResource( 9 )

[node name="StaticBody" type="StaticBody" parent="MeshInstance"]

[node name="CollisionShape" type="CollisionShape" parent="MeshInstance/StaticBody"]
shape = SubResource( 10 )
